N   =   10
      approx:        exact:         arma:         relative error(log10)
      9.8027004      9.8026963      9.8027004     -6.3837806
      38.416645      38.416630      38.416645     -6.3928522
      83.523702      83.523670      83.523702     -6.4085825
      141.46957      141.46951      141.46957     -6.4320092
      207.55981      207.55974      207.55981     -6.4648883
      276.44019      276.44011      276.44019     -6.5101650
      342.53043      342.53034      342.53043     -6.5730073
      400.47630      400.47621      400.47630     -6.6633808
      445.58335      445.58328      445.58335     -6.8040495
      474.19730      474.19726      474.19730     -7.0683937
